0,1.0003648458354535,1.1670015962876417,2.0,7,0.039067296524590345,0.797729526882307,2.0,161
1,1.0003648458354535,1.1670015962876417,2.0,170
2,1.0003648458354535,1.1670015962876417,2.0,42
3,1.0003648458354535,1.1670015962876417,2.0,69
4,0.9869188211981388,1.088673413356189,2.0,17,0.06726007865942177,0.8164531528730627,2.0,52,0.9869188211981388,1.088673413356189,2.0,206
5,0.9869188211981388,1.088673413356189,2.0,31,0.06726007865942177,0.8164531528730627,2.0,84
6,1.1112040382919652,1.0966311673745488,2.0,45
7,1.1112040382919652,1.0966311673745488,2.0,4,0.13569315273113225,0.6601495087172227,2.0,157,1.1112040382919652,1.0966311673745488,2.0,179
8,1.1112040382919652,1.0966311673745488,2.0,30
9,1.1112040382919652,1.0966311673745488,2.0,20
10,1.1112040382919652,1.0966311673745488,2.0,32
11,1.1112040382919652,1.0966311673745488,2.0,23,0.13569315273113225,0.6601495087172227,2.0,33
12,0.8649353639177924,0.957490644653147,2.0,5,0.0496765999291318,0.7723924720078387,2.0,138,0.8649353639177924,0.957490644653147,2.0,145
13,0.0496765999291318,0.7723924720078387,2.0,22
14,1.069951977368445,1.1544280493986836,2.0,51
15,1.1324981383517245,0.906381193741835,2.0,22,0.012168004939059153,0.7479385542140542,2.0,411,1.1324981383517245,0.906381193741835,2.0,422
16,1.0218606096669367,1.0656178201250919,2.0,62
17,1.113791295687188,1.0325242757941329,2.0,62
18,1.113791295687188,1.0325242757941329,2.0,26
19,1.113791295687188,1.0325242757941329,2.0,146
20,0.9282608354404186,1.0793043970201612,2.0,261
21,0.9713693837245656,0.9748613473577249,2.0,345,0.16358261064413437,0.7215877435652839,2.0,500
22,1.0181578061834708,1.0265046751571762,2.0,30,0.1529704511235243,0.5363806821596251,2.0,117,1.0181578061834708,1.0265046751571762,2.0,172
23,1.0181578061834708,1.0265046751571762,2.0,271,0.1529704511235243,0.5363806821596251,2.0,281
24,1.0183036007400936,1.1320238830500033,2.0,158,0.03755438808821643,0.6333515364297254,2.0,170,1.0183036007400936,1.1320238830500033,2.0,217
25,1.0183036007400936,1.1320238830500033,2.0,48
26,1.0199503367548972,1.1051757024601394,2.0,25
27,0.9725994118738576,1.0550248297884302,2.0,28
28,0.9725994118738576,1.0550248297884302,2.0,142
29,0.9725994118738576,1.0550248297884302,2.0,239,0.03679391258311498,0.7086061950518985,2.0,268,0.9725994118738576,1.0550248297884302,2.0,273,0.03679391258311498,0.7086061950518985,2.0,301
30,1.0679681018707876,1.3072726776511532,2.0,17,0.038172603973821266,0.6790043780971765,2.0,52,1.0679681018707876,1.3072726776511532,2.0,163,0.038172603973821266,0.6790043780971765,2.0,487,1.0679681018707876,1.3072726776511532,2.0,500
31,1.1214584672060453,1.07980952775663,2.0,62,0.11038231973989869,0.7444730047560003,2.0,142,1.1214584672060453,1.07980952775663,2.0,163,0.11038231973989869,0.7444730047560003,2.0,487,1.1214584672060453,1.07980952775663,2.0,500
32,0.9578695902871359,1.1628769742607785,2.0,357,0.016658290102927967,0.5180608120773033,2.0,469,0.9578695902871359,1.1628769742607785,2.0,500
33,1.1641539965001506,0.8857836174347571,2.0,484,0.021160975492596407,0.8363195062369311,2.0,500
34,0.9045312992526633,0.9646601073741207,2.0,47,0.15353837806010556,0.6582002151691153,2.0,395,0.9045312992526633,0.9646601073741207,2.0,479,0.15353837806010556,0.6582002151691153,2.0,500
35,1.1006981396008826,1.0394233951627188,2.0,54
36,1.1006981396008826,1.0394233951627188,2.0,58
37,1.1006981396008826,1.0394233951627188,2.0,311
38,1.1537541941898404,1.0368363425095657,2.0,46
39,1.0445147100317447,1.1667474498435477,2.0,191
40,1.0445147100317447,1.1667474498435477,2.0,61
41,1.0912298667406335,1.0467061506123796,2.0,345,0.12946203889325222,0.6632918932098454,2.0,461,1.0912298667406335,1.0467061506123796,2.0,500
42,0.9768092536138372,1.1366784363078049,2.0,205
43,0.9048225185183798,1.1007692639967326,2.0,357,0.1771333633196166,0.7580506346542977,2.0,469,0.9048225185183798,1.1007692639967326,2.0,500
44,1.0156883311303608,0.9972372745718378,2.0,24
45,1.0156883311303608,0.9972372745718378,2.0,51
46,1.1462871100261847,1.1385255315064406,2.0,44
47,1.0391094242227954,1.0117602918787287,2.0,62,0.012270482755769717,0.9206552935863501,2.0,142,1.0391094242227954,1.0117602918787287,2.0,345,0.012270482755769717,0.9206552935863501,2.0,500
48,1.070229797541566,0.9464099901214914,2.0,33,0.09070911219281616,0.6849760172178544,2.0,46,1.070229797541566,0.9464099901214914,2.0,100,0.09070911219281616,0.6849760172178544,2.0,489,1.070229797541566,0.9464099901214914,2.0,500
49,1.0079063164276214,1.0157062513506858,2.0,212
50,1.0079063164276214,1.0157062513506858,2.0,54
51,1.0079063164276214,1.0157062513506858,2.0,14,0.02563012015558257,0.5942095924192706,2.0,67
52,0.9108409156923484,1.062526560583147,2.0,279
53,1.1155726936408523,0.9208423160597659,2.0,54
54,1.1155726936408523,0.9208423160597659,2.0,45
55,1.1155726936408523,0.9208423160597659,2.0,144
56,1.1155726936408523,0.9208423160597659,2.0,37
57,1.1155726936408523,0.9208423160597659,2.0,28
58,0.9707154248974927,1.0757503096031586,2.0,53,0.044560546936205536,0.8432556166718601,2.0,206,0.9707154248974927,1.0757503096031586,2.0,264
59,0.9707154248974927,1.0757503096031586,2.0,31
60,0.9707154248974927,1.0757503096031586,2.0,160
61,0.954088631628845,0.9872157671902484,2.0,33,0.07933488671231723,0.8678407474667154,2.0,395,0.954088631628845,0.9872157671902484,2.0,479,0.07933488671231723,0.8678407474667154,2.0,500
62,0.9312289987243014,1.314037034646197,2.0,162
63,0.9312289987243014,1.314037034646197,2.0,20,0.07816317464065889,0.8003993444156974,2.0,154
64,1.0960582596274928,0.966838683060556,2.0,500
65,1.1757687668363013,1.0691865887791494,2.0,60,0.19761752797383092,0.8018121611138962,2.0,292
66,0.9716687112657318,1.0971043685695983,2.0,22
67,0.9716687112657318,1.0971043685695983,2.0,42
68,1.0156619041811936,1.2149369177955327,2.0,438,0.1494153538404921,0.6083761777695474,2.0,467,1.0156619041811936,1.2149369177955327,2.0,472,0.1494153538404921,0.6083761777695474,2.0,500
69,1.0112304925598639,0.9694957742481495,2.0,106,0.020105046200613725,0.7125021387032285,2.0,178,1.0112304925598639,0.9694957742481495,2.0,183,0.020105046200613725,0.7125021387032285,2.0,274,1.0112304925598639,0.9694957742481495,2.0,500
70,1.1491084923028272,1.0091116293926783,2.0,10,0.010709436020752784,0.751039227937007,2.0,31
71,1.1491084923028272,1.0091116293926783,2.0,11,0.010709436020752784,0.751039227937007,2.0,144,1.1491084923028272,1.0091116293926783,2.0,425
72,1.1491084923028272,1.0091116293926783,2.0,5,0.010709436020752784,0.751039227937007,2.0,21
73,1.1039109948560628,0.9010596661729654,2.0,92,0.06595881971415102,0.7989602204522842,2.0,104,1.1039109948560628,0.9010596661729654,2.0,396
74,0.9815183181490074,0.9414066030869113,2.0,106,0.09405580196743552,0.5464200543359375,2.0,178,0.9815183181490074,0.9414066030869113,2.0,183,0.09405580196743552,0.5464200543359375,2.0,274,0.9815183181490074,0.9414066030869113,2.0,345,0.09405580196743552,0.5464200543359375,2.0,461,0.9815183181490074,0.9414066030869113,2.0,500
75,1.1529775535578366,1.094641434141348,2.0,28
76,1.1529775535578366,1.094641434141348,2.0,77
77,0.8689869531067062,1.080057178531964,2.0,89,0.254180911101224,0.5417102858757167,2.0,223
78,0.06532673289948318,0.7412966464472273,2.0,168
79,0.8809296182573596,1.0402458479191299,2.0,33
80,0.8809296182573596,1.0402458479191299,2.0,24,0.06532673289948318,0.7412966464472273,2.0,256
81,1.0097398825887798,0.9889255625382221,2.0,40,0.08009306097392006,0.6902694866442192,2.0,127,1.0097398825887798,0.9889255625382221,2.0,180
82,1.0097398825887798,0.9889255625382221,2.0,26
83,1.0097398825887798,0.9889255625382221,2.0,173
